0.091763019561768
0.024132013320923
0.021729946136475
0.021775960922241
0.02233099937439
0.016496181488037
0.017443895339966
0.017389059066772
0.017369031906128
0.018956184387207
0.026606798171997
0.019330024719238
0.018967866897583
0.017696142196655
0.017703056335449
0.01646900177002
0.01724100112915
0.017715930938721
0.017210006713867
0.01737904548645
0.016355037689209
0.018959045410156
0.017524003982544
0.01767897605896
0.017133951187134
0.016520023345947
0.017296075820923
0.0171799659729
0.018317937850952
0.019189119338989
0.018200159072876
0.017382144927979
0.017783880233765
0.017085790634155
0.017192125320435
0.016369104385376
0.017446041107178
0.017338991165161
0.017596006393433
0.017165184020996
0.016258001327515
0.017327785491943
0.017251968383789
0.023238182067871
0.020993947982788
0.016613960266113
0.017565965652466
0.01931095123291
0.02428412437439
0.017863988876343
0.017508983612061
0.018567085266113
0.025151014328003
0.022693872451782
0.020339965820312
0.018733024597168
0.017516851425171
0.018299102783203
0.019260883331299
0.017863035202026
0.017369985580444
0.018114805221558
0.018216133117676
0.019094944000244
0.019686937332153
0.027340173721313
0.018205881118774
0.017194032669067
0.016458034515381
0.017261981964111
0.018877029418945
0.018833160400391
0.017252206802368
0.017071008682251
0.026710987091064
0.019602060317993
0.017642974853516
0.017522096633911
0.017297983169556
0.017072916030884
0.016380071640015
0.017672061920166
0.019681930541992
0.01720404624939
0.017086982727051
0.017367124557495
0.016515970230103
0.017969846725464
0.018872976303101
0.018433094024658
0.017693042755127
0.017884016036987
0.016254901885986
0.017149209976196
0.017216920852661
0.017163038253784
0.017354965209961
0.017270088195801
0.016257047653198
0.017630815505981
0.017892122268677
0.019468069076538
0.017194986343384
0.017313957214355
0.016314029693604
0.017376899719238
0.017286062240601
0.022550106048584
0.036697864532471
0.019191980361938
0.017522096633911
0.018478155136108
0.016946077346802
0.019123077392578
0.017683982849121
0.017421960830688
0.018038988113403
0.017896890640259
0.018519163131714
0.021596908569336
0.016432046890259
0.017090082168579
0.0172438621521
0.017311811447144
0.017210006713867
0.018886089324951
0.017844915390015
0.018872022628784
0.01641583442688
0.017466068267822
0.018195152282715
0.018148899078369
0.017421960830688
0.019150972366333
0.017730951309204
0.017318964004517
0.016272068023682
0.017202854156494
0.017220973968506
0.017347812652588
0.026807069778442
0.018111944198608
0.017430067062378
0.017800092697144
0.017163038253784
0.018792867660522
0.017472982406616
0.017930030822754
0.017224073410034
0.017730951309204
0.018311977386475
0.017293930053711
0.016345024108887
0.018140077590942
0.017278909683228
0.017980098724365
0.017276048660278
0.018024921417236
0.018177032470703
0.017542123794556
0.016312122344971
0.01779317855835
0.01711106300354
0.018342018127441
0.018707990646362
0.019247055053711
0.019518852233887
0.018651008605957
0.018240928649902
0.018659830093384
0.018571138381958
0.018572092056274
0.017883062362671
0.031911134719849
0.018382787704468
0.018890142440796
0.01662015914917
0.017246961593628
0.017631053924561
0.020085096359253
0.019079208374023
0.019220113754272
0.01988697052002
0.018748044967651
0.016707897186279
0.018010854721069
0.017936944961548
0.018180131912231
0.01917290687561
0.017229080200195
0.017354965209961
0.018851041793823
0.016320943832397
0.018151998519897
0.018270969390869
0.017557144165039
0.017262935638428
0.018270969390869
0.017837047576904
0.017630100250244
0.017153024673462
0.018054962158203
0.017103910446167
0.017203092575073
0.017726182937622
0.025954008102417
0.018491983413696
0.017279863357544
0.016763925552368
0.017358064651489
0.018630027770996
0.01793909072876
0.018965005874634
0.017251968383789
0.017231941223145
0.017255067825317
0.017797946929932
0.017985820770264
0.018476009368896
0.017382860183716
0.019891977310181
0.019418001174927
0.017252922058105
0.017640113830566
0.017920970916748
0.018671035766602
0.019021034240723
0.017730951309204
0.02259087562561
0.018419981002808
0.01769495010376
0.017731904983521
0.01645302772522
0.017260074615479
0.017307043075562
0.017796993255615
0.017909049987793
0.017579078674316
0.029060840606689
0.017457962036133
0.016412973403931
0.017729043960571
0.017162084579468
0.017436981201172
0.017369985580444
0.017455101013184
0.017937898635864
0.01848292350769
0.016607999801636
0.018627882003784
0.01903510093689
0.01727294921875
0.017322063446045
0.017440795898438
0.01734185218811
0.01848578453064
0.017849206924438
0.017843961715698
0.017185926437378
0.017100095748901
0.018113136291504
0.017287015914917
0.017616033554077
0.01724100112915
0.016358852386475
0.017181873321533
0.017454147338867
0.017238855361938
0.017364025115967
0.017173051834106
0.0194411277771
0.029027938842773
0.018586874008179
0.018075942993164
0.018225908279419
0.01875114440918
0.01997709274292
0.019713878631592
0.018550157546997
0.018067836761475
0.017678022384644
0.01896595954895
0.022437810897827
0.017374992370605
0.0173659324646
0.017642021179199
0.017049789428711
0.016634225845337
0.016408205032349
0.017264127731323
0.019092082977295
0.018465042114258
0.017323970794678
0.018204927444458
0.017654180526733
0.017112016677856
0.016517877578735
0.017287015914917
0.017107963562012
0.017130136489868
0.017092943191528
0.017225980758667
0.017690896987915
0.017151117324829
0.026779890060425
0.018199920654297
0.018729209899902
0.017315149307251
0.017331123352051
0.01768684387207
0.017145872116089
0.016536951065063
0.016402959823608
0.017296075820923
0.018033027648926
0.017193078994751
0.01718282699585
0.017226934432983
0.01723313331604
0.016734838485718
0.016414165496826
0.017150163650513
0.017477989196777
0.018768072128296
0.017488956451416
0.019686937332153
0.017893075942993
0.017122030258179
0.017231941223145
0.017819166183472
0.01758599281311
0.01716685295105
0.017990112304688
0.020426034927368
0.019471883773804
0.017872095108032
0.017740964889526
0.028074026107788
0.018328905105591
0.017446041107178
0.017281055450439
0.017348051071167
0.01707911491394
0.016674041748047
0.016349077224731
0.017630100250244
0.017361879348755
0.017418146133423
0.017430067062378
0.017112016677856
0.018527984619141
0.018038988113403
0.017700910568237
0.017853021621704
0.018505096435547
0.019670009613037
0.018613815307617
0.017277956008911
0.017338037490845
0.017368078231812
0.016337871551514
0.017260074615479
0.017513036727905
0.017231941223145
0.018096923828125
0.017143964767456
0.017049074172974
0.017932176589966
0.017189025878906
0.018694162368774
0.02866792678833
0.017356872558594
0.018316984176636
0.017339944839478
0.018151998519897
0.017543077468872
0.016272068023682
0.017406940460205
0.019078969955444
0.017552137374878
0.018311977386475
0.018537998199463
0.017199039459229
0.016558885574341
0.019144058227539
0.019260883331299
0.019827842712402
0.018295049667358
0.019286870956421
0.019889831542969
0.019333839416504
0.018265962600708
0.018846035003662
0.017722129821777
0.017238140106201
0.018033027648926
0.017435073852539
0.01853084564209
0.017485857009888
0.016683101654053
