0.080793857574463
0.024797916412354
0.024219989776611
0.027445077896118
0.024677038192749
0.018258094787598
0.019283056259155
0.019434928894043
0.019188165664673
0.025438785552979
0.021595001220703
0.022431135177612
0.018762111663818
0.019122123718262
0.018975019454956
0.017760038375854
0.019315958023071
0.024780035018921
0.029962062835693
0.019199132919312
0.02078104019165
0.018800973892212
0.025072813034058
0.019347906112671
0.019500017166138
0.021391868591309
0.018884897232056
0.020360946655273
0.021865129470825
0.020964860916138
0.029932975769043
0.021999835968018
0.018858194351196
0.018736839294434
0.018866062164307
0.019675016403198
0.027889013290405
0.025990009307861
0.023286819458008
0.020389080047607
0.01896595954895
0.020891904830933
0.02150821685791
0.018249988555908
0.018848180770874
0.018796920776367
0.018915891647339
0.024638891220093
0.019433975219727
0.017823219299316
0.018682956695557
0.018810033798218
0.018893003463745
0.022690057754517
0.018822193145752
0.018014907836914
0.02131199836731
0.018831014633179
0.018738985061646
0.025567770004272
0.01883602142334
0.018256902694702
0.018962144851685
0.019052028656006
0.021944046020508
0.020834922790527
0.020916938781738
0.023675203323364
0.022625923156738
0.018769979476929
0.018854141235352
0.018933057785034
0.027070999145508
0.018476009368896
0.020387172698975
0.019251108169556
0.019568920135498
0.02901291847229
0.020669937133789
0.017898082733154
0.019793033599854
0.020808935165405
0.023590803146362
0.019297122955322
0.02257513999939
0.025371789932251
0.027719974517822
0.027374982833862
0.019140005111694
0.020857810974121
0.019041061401367
0.01801586151123
0.018995046615601
0.022789001464844
0.023565053939819
0.020508050918579
0.018810033798218
0.017891883850098
0.018959999084473
0.02037501335144
0.0189208984375
0.018750190734863
0.018902063369751
0.017704963684082
0.018815994262695
0.019663095474243
0.01924991607666
0.019300937652588
0.018957853317261
0.01833701133728
0.019334077835083
0.018779993057251
0.018813133239746
0.01952600479126
0.029860019683838
0.018641948699951
0.020746946334839
0.025502920150757
0.019279956817627
0.019879102706909
0.025671005249023
0.02035117149353
0.019361019134521
0.0206139087677
0.018996953964233
0.018857002258301
0.018745899200439
0.018970012664795
0.018948793411255
0.026134967803955
0.025866985321045
0.018950939178467
0.019834995269775
0.018216848373413
0.019334077835083
0.019474029541016
0.028731107711792
0.022389888763428
0.021623134613037
0.018054962158203
0.018877983093262
0.019590854644775
0.018990993499756
0.018869161605835
0.018937110900879
0.017773866653442
0.023016929626465
0.0189368724823
0.019098997116089
0.018874168395996
0.018777132034302
0.022221088409424
0.019045114517212
0.023777961730957
0.018818855285645
0.019800186157227
0.027538061141968
0.023321866989136
0.027141809463501
0.021770000457764
0.020016193389893
0.026599884033203
0.026131868362427
0.018861055374146
0.018797159194946
0.018896102905273
0.019368886947632
0.018903017044067
0.019117116928101
0.017914056777954
0.024708986282349
0.019198894500732
0.018770933151245
0.018917083740234
0.018846988677979
0.017782926559448
0.018945932388306
0.019675016403198
0.018817901611328
0.018866062164307
0.020877122879028
0.028081893920898
0.027784109115601
0.019150018692017
0.020809888839722
0.028663158416748
0.026335000991821
0.018306016921997
0.019200086593628
0.018760919570923
0.021918058395386
0.025621891021729
0.022320032119751
0.019731998443604
0.019267797470093
0.021556854248047
0.018912076950073
0.027584075927734
0.018856048583984
0.018010139465332
0.022416114807129
0.019344806671143
0.018746852874756
0.018846035003662
0.020765066146851
0.021416187286377
0.019346952438354
0.019047021865845
0.022373914718628
0.025092124938965
0.018830060958862
0.01908802986145
0.018840074539185
0.018757820129395
0.019112110137939
0.018938064575195
0.019282817840576
0.021668910980225
0.029171943664551
0.019075155258179
0.018857955932617
0.019114017486572
0.018759965896606
0.017750024795532
0.023459911346436
0.018896818161011
0.025830030441284
0.018840074539185
0.018902063369751
0.025965929031372
0.018787145614624
0.018990993499756
0.018758058547974
0.021159887313843
0.021245002746582
0.025709867477417
0.024971008300781
0.02091383934021
0.018882989883423
0.0189208984375
0.023710966110229
0.027533054351807
0.019085884094238
0.030719041824341
0.019232034683228
0.019447088241577
0.025471925735474
0.022662878036499
0.018841981887817
0.018872976303101
0.019109010696411
0.018985986709595
0.018991947174072
0.017777919769287
0.018845081329346
0.021031856536865
0.023548126220703
0.019742012023926
0.019316911697388
0.02216100692749
0.018721103668213
0.018893003463745
0.021546840667725
0.018173217773438
0.021481990814209
0.023555994033813
0.019191980361938
0.018867969512939
0.01945686340332
0.019286155700684
0.024499893188477
0.019515037536621
0.018112897872925
0.018829107284546
0.018925905227661
0.019442081451416
0.018157958984375
0.024996995925903
0.018829107284546
0.017822980880737
0.022407054901123
0.019176006317139
0.021383047103882
0.025153875350952
0.023732900619507
0.022696018218994
0.022904872894287
0.018872976303101
0.019490003585815
0.019137144088745
0.018625020980835
0.022627115249634
0.023298978805542
0.024089097976685
0.020067930221558
0.018800020217896
0.018902063369751
0.018234014511108
0.01909613609314
0.018854856491089
0.018987894058228
0.02609395980835
0.018890857696533
0.018868923187256
0.020938158035278
0.020204067230225
0.018883943557739
0.022186994552612
0.020447969436646
0.021663188934326
0.02266788482666
0.01830005645752
0.020013093948364
0.025279998779297
0.017897129058838
0.020839929580688
0.025292158126831
0.028064012527466
0.018124103546143
0.018904209136963
0.018902063369751
0.017924070358276
0.022767066955566
0.024724960327148
0.023744106292725
0.021115064620972
0.018927812576294
0.018979072570801
0.021403074264526
0.028439998626709
0.024308919906616
0.019207954406738
0.018460988998413
0.026084899902344
0.032791137695312
0.018537998199463
0.019304037094116
0.019201993942261
0.019201993942261
0.020432949066162
0.019086122512817
0.019379854202271
0.01832103729248
0.019222974777222
0.01970386505127
0.019228935241699
0.021889925003052
0.019158840179443
0.019407987594604
0.018325090408325
0.019216060638428
0.019469022750854
0.025057077407837
0.026601076126099
0.019304990768433
0.019289970397949
0.018240928649902
0.023045063018799
0.019261837005615
0.019374132156372
0.022933959960938
0.018746137619019
0.019329786300659
0.026149988174438
0.01926589012146
0.023823976516724
0.022581100463867
0.021461963653564
0.019057035446167
0.019396066665649
0.021368980407715
0.027966976165771
0.018885135650635
0.018789052963257
0.018084049224854
0.019402980804443
0.023545026779175
0.024641990661621
0.021605968475342
0.022063016891479
0.020087957382202
0.018316984176636
0.019899129867554
0.028975009918213
0.019680023193359
0.018883943557739
0.02157187461853
0.018818140029907
0.018090963363647
0.019144058227539
0.018757820129395
0.027804136276245
0.021281957626343
0.024849891662598
0.019520044326782
0.018702983856201
0.018733024597168
0.019021034240723
0.01819896697998
0.029651880264282
