0.0029678344726562
0.0011160373687744
0.00092601776123047
0.0010359287261963
0.00045418739318848
0.00042200088500977
0.00040793418884277
0.00040388107299805
0.00040197372436523
0.00041413307189941
0.00058412551879883
0.00040388107299805
0.00043892860412598
0.00039505958557129
0.00054097175598145
0.0003960132598877
0.00044012069702148
0.00040006637573242
0.00039505958557129
0.00039100646972656
0.00040102005004883
0.0003960132598877
0.00040292739868164
0.00039196014404297
0.00041389465332031
0.00052905082702637
0.00039911270141602
0.00041007995605469
0.00040388107299805
0.00043392181396484
0.00040006637573242
0.00040102005004883
0.00040316581726074
0.00040507316589355
0.00040102005004883
0.00040888786315918
0.0003960132598877
0.00050902366638184
0.00062799453735352
0.00044393539428711
0.00054478645324707
0.00040483474731445
0.0004429817199707
0.00040102005004883
0.00041079521179199
0.00040102005004883
0.00040292739868164
0.00039386749267578
0.00039911270141602
0.00039982795715332
0.00040602684020996
0.0003960132598877
0.00039815902709961
0.00039005279541016
0.00042986869812012
0.00040388107299805
0.00042104721069336
0.00043511390686035
0.00040292739868164
0.00039315223693848
0.00040602684020996
0.00051712989807129
0.00040602684020996
0.0005180835723877
0.00049090385437012
0.00040292739868164
0.00043797492980957
0.00040102005004883
0.00039887428283691
0.00040602684020996
0.00039982795715332
0.00040006637573242
0.00039815902709961
0.00040006637573242
0.00040221214294434
0.00041103363037109
0.00040197372436523
0.00052189826965332
0.00050616264343262
0.00042295455932617
0.00055599212646484
0.00041007995605469
0.00040888786315918
0.0003972053527832
0.00040793418884277
0.00040006637573242
0.00040912628173828
0.00040102005004883
0.00040006637573242
0.00040221214294434
0.00040316581726074
0.0003969669342041
0.00040888786315918
0.00039911270141602
0.00039911270141602
0.0003960132598877
0.00040793418884277
0.00040102005004883
0.00040102005004883
0.00039505958557129
0.00040411949157715
0.0003969669342041
0.00040197372436523
0.00039410591125488
0.00039887428283691
0.00039982795715332
0.00041007995605469
0.00053501129150391
0.00040602684020996
0.00045394897460938
0.0003969669342041
0.00055909156799316
0.0004270076751709
0.00045299530029297
0.00040507316589355
0.00041604042053223
0.00040388107299805
0.00044703483581543
0.00040411949157715
0.00040316581726074
0.00040316581726074
0.00040292739868164
0.00040388107299805
0.00040197372436523
0.00039911270141602
0.00040102005004883
0.00039887428283691
0.00040102005004883
0.00039792060852051
0.00039911270141602
0.00043582916259766
0.00040388107299805
0.00039982795715332
0.00040483474731445
0.00040102005004883
0.00040102005004883
0.00050902366638184
0.00040102005004883
0.00052809715270996
0.00040102005004883
0.00044608116149902
0.00039815902709961
0.00051403045654297
0.00043296813964844
0.0004420280456543
0.00039887428283691
0.00074195861816406
0.00045919418334961
0.00047087669372559
0.00040292739868164
0.00040102005004883
0.00039482116699219
0.00040388107299805
0.0003969669342041
0.0004119873046875
0.00044012069702148
0.00040483474731445
0.00051784515380859
0.00040411949157715
0.00044012069702148
0.00040006637573242
0.00052809715270996
0.00039887428283691
0.00057315826416016
0.00040292739868164
0.00052618980407715
0.00039982795715332
0.00040292739868164
0.00045299530029297
0.00057506561279297
0.0022110939025879
0.00069403648376465
0.0005500316619873
0.00099897384643555
0.00054597854614258
0.00049805641174316
0.00050997734069824
0.00044894218444824
0.00042986869812012
0.00041389465332031
0.00042319297790527
0.00041007995605469
0.00042104721069336
0.00040793418884277
0.00042200088500977
0.00041294097900391
0.00042009353637695
0.00040721893310547
0.00041484832763672
0.00040793418884277
0.00041079521179199
0.00043392181396484
0.00040793418884277
0.00051593780517578
0.00041103363037109
0.00044488906860352
0.00040197372436523
0.0005488395690918
0.00040292739868164
0.00053095817565918
0.00040602684020996
0.00043201446533203
0.00052309036254883
0.00043606758117676
0.00043201446533203
0.00041890144348145
0.00043702125549316
0.00040197372436523
0.00051403045654297
0.00047397613525391
0.00043702125549316
0.00052976608276367
0.00046896934509277
0.00043296813964844
0.00056290626525879
0.00043296813964844
0.00048089027404785
0.00052094459533691
0.0004270076751709
0.00042510032653809
0.00050711631774902
0.00057506561279297
0.00051283836364746
0.00040292739868164
0.00043916702270508
0.0004570484161377
0.00040912628173828
0.00053095817565918
0.00043797492980957
0.00060009956359863
0.00043177604675293
0.00079798698425293
0.00059700012207031
0.00050210952758789
0.00060391426086426
0.00048303604125977
0.00051999092102051
0.00053811073303223
0.00043702125549316
0.00041007995605469
0.00054693222045898
0.00047993659973145
0.0004429817199707
0.00055098533630371
0.00043702125549316
0.00046515464782715
0.00041079521179199
0.00054216384887695
0.00043892860412598
0.00041604042053223
0.00043296813964844
0.00043177604675293
0.00050616264343262
0.00040602684020996
0.00040698051452637
0.00040102005004883
0.00051689147949219
0.00043797492980957
0.00044608116149902
0.00043678283691406
0.00040888786315918
0.00052690505981445
0.00047588348388672
0.00043296813964844
0.00052905082702637
0.00043201446533203
0.00047087669372559
0.00040483474731445
0.00055408477783203
0.00043416023254395
0.00040197372436523
0.00053501129150391
0.00041294097900391
0.00043106079101562
0.00043392181396484
0.00042891502380371
0.00042986869812012
0.00050997734069824
0.00041294097900391
0.00042915344238281
0.00046205520629883
0.00043296813964844
0.00043296813964844
0.00055384635925293
0.0004429817199707
0.00046801567077637
0.00040102005004883
0.00056314468383789
0.00044012069702148
0.00053596496582031
0.00040793418884277
0.00044608116149902
0.00051283836364746
0.0004122257232666
0.00040507316589355
0.00043416023254395
0.00046992301940918
0.00043606758117676
0.00041007995605469
0.00041317939758301
0.00040483474731445
0.00052785873413086
0.00040483474731445
0.00040411949157715
0.00054287910461426
0.0004119873046875
0.00055599212646484
0.00067591667175293
0.00049209594726562
0.0004878044128418
0.00048708915710449
0.00047993659973145
0.00047898292541504
0.00055885314941406
0.00043988227844238
0.00043010711669922
0.00052094459533691
0.00040912628173828
0.0003969669342041
0.00043392181396484
0.0004119873046875
0.00043511390686035
0.00053095817565918
0.00043010711669922
0.00043106079101562
0.00043201446533203
0.00047206878662109
0.00040388107299805
0.00053000450134277
0.00043416023254395
0.00044608116149902
0.00040221214294434
0.00057101249694824
0.0004730224609375
0.00041103363037109
0.00043511390686035
0.00043201446533203
0.00051307678222656
0.00043511390686035
0.00042891502380371
0.00052595138549805
0.00042414665222168
0.0004429817199707
0.00040793418884277
0.00041699409484863
0.00047707557678223
0.00055098533630371
0.00047111511230469
0.00040793418884277
0.00044393539428711
0.00040602684020996
0.00043511390686035
0.0004122257232666
0.00043797492980957
0.00040698051452637
0.00043320655822754
0.00040698051452637
0.00043511390686035
0.00056290626525879
0.0004570484161377
0.00046992301940918
0.00053596496582031
0.00048112869262695
0.00043296813964844
0.00053787231445312
0.00043392181396484
0.00043487548828125
0.00053596496582031
0.00043487548828125
0.00040483474731445
0.00044488906860352
0.00041508674621582
0.00051498413085938
0.00052309036254883
0.00043797492980957
0.00043106079101562
0.00052380561828613
0.00046586990356445
0.00043296813964844
0.00057506561279297
0.00047087669372559
0.00045514106750488
0.00040102005004883
0.00073409080505371
0.00042510032653809
0.00044417381286621
0.00043511390686035
0.0004279613494873
0.00040793418884277
0.0004119873046875
0.00043201446533203
0.00051999092102051
0.00043201446533203
0.00040507316589355
0.00040292739868164
0.00043201446533203
0.00047993659973145
0.00040197372436523
0.00053596496582031
0.00043797492980957
