0.033416032791138
0.031049966812134
0.02861499786377
0.044841051101685
0.029296875
0.033351898193359
0.02992582321167
0.036345958709717
0.036296129226685
0.031163930892944
0.029716968536377
0.034372091293335
0.035322904586792
0.028189897537231
0.027978897094727
0.028964042663574
0.027865886688232
0.029803991317749
0.033401966094971
0.032134056091309
0.027930974960327
0.044589042663574
0.032641887664795
0.033346891403198
0.029064893722534
0.033419132232666
0.030179023742676
0.028943061828613
0.028647184371948
0.036700963973999
0.030472993850708
0.029335975646973
0.029317855834961
0.029083013534546
0.029525995254517
0.028354167938232
0.028394937515259
0.028033971786499
0.033844947814941
0.034773826599121
0.053017139434814
0.029088973999023
0.034356832504272
0.033459901809692
0.029764890670776
0.030458927154541
0.030269861221313
0.027940034866333
0.027607917785645
0.031309127807617
0.029584884643555
0.029942035675049
0.029767036437988
0.028825044631958
0.029034852981567
0.032270908355713
0.034628868103027
0.029723167419434
0.043361902236938
0.033970832824707
0.031742095947266
0.031636953353882
0.033486843109131
0.032642126083374
0.029828071594238
0.028076887130737
0.028263092041016
0.030189990997314
0.029015064239502
0.028676986694336
0.030680894851685
0.040300846099854
0.040189981460571
0.028154134750366
0.027955055236816
0.029043912887573
0.046204805374146
0.02947211265564
0.027700901031494
0.028563022613525
0.030167102813721
0.028900861740112
0.028601884841919
0.028873920440674
0.028717994689941
0.028480052947998
0.030136108398438
0.028310060501099
0.030259132385254
0.029295206069946
0.029084920883179
0.035431146621704
0.027982950210571
0.027997016906738
0.02885103225708
0.042482852935791
0.028081178665161
0.030209064483643
0.028913021087646
0.028796195983887
0.031301021575928
0.028633117675781
0.031608104705811
0.041589975357056
0.030154943466187
0.028860092163086
0.049062967300415
0.028390884399414
0.029928922653198
0.028627157211304
0.028187990188599
0.03093409538269
0.029338836669922
0.040627002716064
0.030325174331665
0.035214900970459
0.032367944717407
0.028596878051758
0.029481172561646
0.028530836105347
0.029003858566284
0.029627799987793
0.029479026794434
0.02892017364502
0.030632019042969
0.028342008590698
0.028720855712891
0.034303903579712
0.028753995895386
0.029284000396729
0.029150009155273
0.028841018676758
0.040914058685303
0.033337116241455
0.036370992660522
0.03210711479187
0.028789043426514
0.033364057540894
0.029258012771606
0.029074907302856
0.027938842773438
0.029728889465332
0.033794164657593
0.027971029281616
0.027791023254395
0.028372049331665
0.028008937835693
0.027755975723267
0.027963161468506
0.028058052062988
0.027923107147217
0.043642997741699
0.040614128112793
0.036849975585938
0.032926797866821
0.031229019165039
0.027794122695923
0.028360843658447
0.028502941131592
0.03287410736084
0.028990983963013
0.032520055770874
0.039599180221558
0.031184911727905
0.039867162704468
0.045813083648682
0.048954010009766
0.050440073013306
0.045046806335449
0.041682958602905
0.032382965087891
0.034888982772827
0.027623891830444
0.028252124786377
0.028832912445068
0.028959035873413
0.029624938964844
0.030037879943848
0.029531955718994
0.030295133590698
0.035053014755249
0.030040979385376
0.029615879058838
0.030746936798096
0.033672094345093
0.048877000808716
0.029289960861206
0.030473947525024
0.03772497177124
0.02883505821228
0.02891993522644
0.03286600112915
0.033421993255615
0.028797149658203
0.029299020767212
0.027675867080688
0.038673877716064
0.028234004974365
0.028706073760986
0.028371095657349
0.032706022262573
0.028993129730225
0.033050060272217
0.041478872299194
0.031676054000854
0.030159950256348
0.031100988388062
0.031278133392334
0.032175064086914
0.03186297416687
0.030150175094604
0.029860973358154
0.031180858612061
0.029690027236938
0.028910160064697
0.031069993972778
0.029750823974609
0.028380870819092
0.03028392791748
0.028119802474976
0.02768611907959
0.029830932617188
0.042425870895386
0.033689975738525
0.030356168746948
0.030207872390747
0.032592058181763
0.032854080200195
0.036049842834473
0.030492067337036
0.027968883514404
0.02787709236145
0.027734041213989
0.035936117172241
0.027688980102539
0.027742147445679
0.028326988220215
0.031055927276611
0.031100988388062
0.02824592590332
0.039825201034546
0.03513503074646
0.032158851623535
0.028797149658203
0.029040813446045
0.031269073486328
0.034044981002808
0.029896974563599
0.03044581413269
0.030670881271362
0.030165195465088
0.032192945480347
0.027712106704712
0.033743143081665
0.030303001403809
0.028621196746826
0.031498908996582
0.039259910583496
0.035368204116821
0.032849073410034
0.032532930374146
0.035927057266235
0.037981986999512
0.033725023269653
0.028579950332642
0.030354022979736
0.029121875762939
0.030073165893555
0.031877994537354
0.036432981491089
0.029909133911133
0.030818939208984
0.037540197372437
0.039165019989014
0.02855920791626
0.03351902961731
0.048566102981567
0.029313087463379
0.029163837432861
0.029705047607422
0.027771949768066
0.031998872756958
0.028618812561035
0.033384084701538
0.035933017730713
0.031450986862183
0.028290033340454
0.032349109649658
0.027853965759277
0.028129100799561
0.029700994491577
0.036609888076782
0.028393983840942
0.025987148284912
0.032727956771851
0.030091047286987
0.026221990585327
0.026295900344849
0.026330947875977
0.026760101318359
0.025814771652222
0.026565074920654
0.025566816329956
0.028671026229858
0.028827905654907
0.0261390209198
0.026019811630249
0.027234077453613
0.026971101760864
0.02692699432373
0.035652875900269
0.026957988739014
0.025792837142944
0.02567195892334
0.025558948516846
0.025667905807495
0.027980804443359
0.027565956115723
0.026657819747925
0.027410984039307
0.026624917984009
0.028151988983154
0.028378963470459
0.028663873672485
0.028856039047241
0.027857780456543
0.029528856277466
0.029963970184326
0.027658939361572
0.028532981872559
0.029513835906982
0.030194044113159
0.029767990112305
0.029062032699585
0.029237031936646
0.029551029205322
0.029032945632935
0.028316020965576
0.027955055236816
0.029551982879639
0.029623985290527
0.029861927032471
0.028236150741577
0.028321027755737
0.029016971588135
0.028019905090332
0.028218984603882
0.028097867965698
0.029582977294922
0.029516935348511
0.029626846313477
0.0293128490448
0.027382135391235
0.027141809463501
0.028274059295654
0.029378175735474
0.028012990951538
0.027984857559204
0.028214931488037
0.026811838150024
0.029059886932373
0.031661987304688
0.028219938278198
0.026859998703003
0.02566385269165
0.027569055557251
0.02726411819458
0.02689790725708
0.027814865112305
0.030611991882324
0.029443025588989
0.031406879425049
0.029949903488159
0.029062986373901
0.03050708770752
0.034685134887695
0.028441905975342
0.028033018112183
0.031151056289673
0.029754877090454
0.033121109008789
0.028417825698853
0.029451131820679
0.032366037368774
0.030086994171143
0.032383918762207
0.029556035995483
0.033994197845459
0.029645204544067
0.029253959655762
0.035950899124146
0.02863597869873
0.027909994125366
0.031371831893921
0.041782140731812
0.038349151611328
0.027630090713501
0.032640933990479
0.030357837677002
0.027884960174561
