0.061
0.036
0.024
0.023
0.025
0.025
0.023
0.024
0.024
0.037
0.024
0.023
0.024
0.022
0.022
0.025
0.022
0.022
0.022
0.023
0.022
0.023
0.028
0.023
0.024
0.025
0.034
0.024
0.023
0.024
0.024
0.023
0.022
0.024
0.024
0.022
0.023
0.022
0.023
0.023
0.024
0.022
0.022
0.024
0.023
0.024
0.024
0.024
0.024
0.024
0.024
0.031
0.024
0.025
0.025
0.024
0.023
0.024
0.022
0.024
0.022
0.025
0.024
0.022
0.024
0.025
0.024
0.026
0.026
0.024
0.023
0.025
0.024
0.025
0.024
0.024
0.033
0.022
0.023
0.022
0.022
0.024
0.026
0.023
0.022
0.025
0.024
0.023
0.024
0.025
0.024
0.022
0.024
0.025
0.023
0.022
0.026
0.025
0.023
0.023
0.022
0.023
0.025
0.024
0.022
0.023
0.025
0.023
0.022
0.023
0.027
0.025
0.023
0.024
0.022
0.024
0.024
0.023
0.022
0.022
0.023
0.023
0.022
0.022
0.023
0.025
0.024
0.024
0.024
0.023
0.023
0.024
0.023
0.024
0.025
0.024
0.023
0.023
0.023
0.024
0.022
0.024
0.022
0.024
0.024
0.023
0.022
0.022
0.023
0.022
0.024
0.023
0.023
0.024
0.025
0.027
0.025
0.024
0.025
0.025
0.022
0.023
0.025
0.023
0.023
0.024
0.024
0.024
0.022
0.023
0.023
0.023
0.023
0.025
0.024
0.023
0.023
0.022
0.023
0.023
0.024
0.024
0.022
0.024
0.025
0.022
0.024
0.023
0.023
0.022
0.024
0.023
0.023
0.023
0.024
0.025
0.024
0.026
0.026
0.025
0.024
0.025
0.024
0.023
0.023
0.022
0.023
0.024
0.023
0.022
0.024
0.023
0.024
0.025
0.023
0.024
0.023
0.023
0.023
0.022
0.022
0.025
0.025
0.025
0.024
0.025
0.024
0.022
0.024
0.023
0.023
0.023
0.023
0.022
0.022
0.025
0.025
0.024
0.024
0.025
0.024
0.026
0.023
0.023
0.022
0.022
0.023
0.022
0.022
0.023
0.024
0.022
0.023
0.025
0.023
0.023
0.024
0.025
0.023
0.024
0.023
0.022
0.022
0.022
0.023
0.023
0.023
0.023
0.023
0.022
0.023
0.025
0.023
0.022
0.024
0.024
0.024
0.023
0.024
0.023
0.023
0.024
0.024
0.026
0.023
0.031
0.023
0.022
0.023
0.022
0.022
0.022
0.025
0.025
0.023
0.023
0.023
0.024
0.022
0.023
0.025
0.024
0.023
0.023
0.025
0.025
0.024
0.023
0.023
0.023
0.022
0.022
0.023
0.024
0.023
0.022
0.023
0.022
0.022
0.022
0.024
0.023
0.022
0.023
0.024
0.022
0.022
0.023
0.025
0.027
0.026
0.024
0.025
0.025
0.024
0.022
0.022
0.025
0.024
0.023
0.022
0.024
0.024
0.023
0.025
0.023
0.025
0.025
0.024
0.022
0.023
0.023
0.022
0.023
0.022
0.024
0.024
0.024
0.023
0.023
0.024
0.024
0.023
0.022
0.024
0.023
0.025
0.024
0.022
0.024
0.022
0.022
0.026
0.026
0.022
0.023
0.024
0.024
0.022
0.023
0.025
0.024
0.023
0.025
0.023
0.022
0.023
0.023
0.022
0.022
0.022
0.024
0.024
0.027
0.025
0.024
0.027
0.022
0.024
0.022
