0.060
0.022
0.022
0.022
0.020
0.022
0.021
0.022
0.022
0.020
0.022
0.021
0.023
0.023
0.024
0.022
0.021
0.023
0.021
0.021
0.021
0.021
0.020
0.021
0.021
0.021
0.030
0.022
0.021
0.021
0.021
0.022
0.021
0.022
0.021
0.021
0.023
0.022
0.022
0.021
0.021
0.021
0.022
0.022
0.022
0.022
0.022
0.022
0.021
0.022
0.023
0.022
0.022
0.030
0.022
0.021
0.021
0.021
0.022
0.023
0.023
0.022
0.023
0.021
0.021
0.021
0.021
0.021
0.021
0.021
0.021
0.021
0.022
0.021
0.021
0.021
0.022
0.023
0.024
0.022
0.027
0.028
0.023
0.021
0.021
0.021
0.021
0.021
0.021
0.021
0.023
0.023
0.022
0.022
0.023
0.022
0.021
0.021
0.021
0.021
0.021
0.023
0.023
0.024
0.023
0.023
0.026
0.032
0.024
0.021
0.021
0.023
0.023
0.021
0.021
0.021
0.021
0.022
0.022
0.022
0.021
0.021
0.021
0.021
0.021
0.021
0.021
0.022
0.021
0.021
0.025
0.023
0.022
0.021
0.033
0.023
0.022
0.022
0.021
0.023
0.022
0.021
0.023
0.021
0.021
0.023
0.022
0.023
0.021
0.022
0.022
0.022
0.024
0.023
0.022
0.022
0.021
0.021
0.021
0.021
0.021
0.030
0.022
0.021
0.021
0.021
0.022
0.021
0.022
0.022
0.021
0.021
0.021
0.021
0.021
0.022
0.021
0.021
0.021
0.021
0.021
0.021
0.021
0.021
0.021
0.022
0.021
0.021
0.021
0.030
0.023
0.021
0.021
0.023
0.023
0.022
0.023
0.021
0.025
0.027
0.023
0.023
0.022
0.023
0.023
0.022
0.022
0.021
0.022
0.023
0.023
0.021
0.021
0.021
0.022
0.029
0.025
0.021
0.021
0.021
0.021
0.021
0.021
0.022
0.023
0.021
0.021
0.021
0.022
0.022
0.022
0.022
0.021
0.021
0.022
0.021
0.021
0.023
0.023
0.022
0.021
0.021
0.021
0.031
0.023
0.025
0.023
0.022
0.022
0.022
0.022
0.023
0.022
0.021
0.021
0.021
0.021
0.021
0.022
0.023
0.023
0.022
0.022
0.021
0.021
0.021
0.021
0.021
0.021
0.021
0.032
0.022
0.021
0.022
0.023
0.022
0.023
0.024
0.022
0.022
0.022
0.022
0.023
0.022
0.021
0.021
0.021
0.021
0.024
0.022
0.021
0.023
0.023
0.022
0.021
0.021
0.028
0.026
0.021
0.021
0.021
0.021
0.021
0.021
0.021
0.021
0.023
0.023
0.022
0.021
0.022
0.021
0.021
0.022
0.022
0.021
0.021
0.022
0.021
0.021
0.021
0.021
0.022
0.021
0.032
0.021
0.021
0.021
0.022
0.021
0.022
0.021
0.021
0.022
0.021
0.022
0.022
0.022
0.025
0.023
0.023
0.023
0.025
0.023
0.022
0.022
0.022
0.021
0.021
0.021
0.021
0.030
0.023
0.022
0.021
0.025
0.023
0.023
0.021
0.021
0.022
0.023
0.022
0.022
0.021
0.022
0.022
0.025
0.027
0.023
0.022
0.021
0.023
0.021
0.023
0.023
0.021
0.032
0.025
0.023
0.021
0.022
0.021
0.025
0.024
0.023
0.022
0.022
0.023
0.022
0.023
0.023
0.023
0.022
0.022
0.021
0.021
0.021
0.021
0.021
