0.058
0.018
0.020
0.018
0.020
0.019
0.018
0.018
0.017
0.017
0.017
0.022
0.020
0.019
0.018
0.021
0.019
0.019
0.019
0.019
0.017
0.021
0.019
0.018
0.018
0.020
0.017
0.018
0.018
0.018
0.019
0.019
0.017
0.017
0.017
0.018
0.018
0.017
0.016
0.017
0.018
0.017
0.017
0.018
0.018
0.028
0.018
0.018
0.017
0.017
0.016
0.017
0.017
0.019
0.018
0.018
0.016
0.020
0.018
0.019
0.017
0.017
0.017
0.019
0.018
0.018
0.018
0.018
0.018
0.017
0.022
0.025
0.017
0.018
0.016
0.018
0.018
0.019
0.017
0.020
0.017
0.017
0.019
0.018
0.018
0.018
0.017
0.017
0.017
0.019
0.018
0.018
0.017
0.018
0.018
0.017
0.017
0.019
0.017
0.017
0.019
0.018
0.020
0.020
0.018
0.019
0.017
0.019
0.019
0.018
0.016
0.022
0.017
0.017
0.018
0.018
0.020
0.018
0.018
0.018
0.018
0.018
0.017
0.017
0.017
0.017
0.017
0.017
0.019
0.018
0.018
0.029
0.018
0.017
0.017
0.017
0.018
0.019
0.017
0.017
0.017
0.017
0.020
0.017
0.018
0.017
0.017
0.018
0.017
0.018
0.018
0.017
0.018
0.017
0.017
0.017
0.017
0.017
0.017
0.017
0.017
0.017
0.017
0.017
0.018
0.019
0.017
0.019
0.020
0.025
0.024
0.026
0.021
0.018
0.019
0.019
0.017
0.018
0.017
0.017
0.017
0.018
0.019
0.020
0.020
0.018
0.019
0.016
0.019
0.017
0.017
0.019
0.016
0.017
0.018
0.018
0.017
0.017
0.019
0.019
0.018
0.017
0.017
0.017
0.017
0.018
0.019
0.018
0.017
0.018
0.017
0.017
0.018
0.017
0.017
0.018
0.020
0.017
0.017
0.019
0.019
0.018
0.017
0.017
0.017
0.017
0.020
0.019
0.019
0.018
0.018
0.017
0.017
0.017
0.017
0.017
0.017
0.018
0.017
0.017
0.018
0.017
0.019
0.017
0.018
0.017
0.018
0.018
0.017
0.018
0.017
0.018
0.017
0.018
0.018
0.017
0.018
0.017
0.018
0.018
0.018
0.019
0.018
0.019
0.017
0.018
0.017
0.017
0.018
0.018
0.022
0.017
0.018
0.017
0.019
0.020
0.017
0.018
0.017
0.019
0.017
0.017
0.018
0.019
0.018
0.017
0.017
0.019
0.019
0.018
0.017
0.018
0.018
0.019
0.018
0.019
0.019
0.017
0.019
0.018
0.018
0.017
0.017
0.018
0.018
0.018
0.017
0.018
0.018
0.018
0.018
0.017
0.021
0.019
0.019
0.018
0.017
0.018
0.017
0.018
0.017
0.018
0.018
0.017
0.019
0.018
0.019
0.018
0.019
0.017
0.019
0.019
0.018
0.019
0.017
0.018
0.018
0.017
0.020
0.019
0.018
0.017
0.018
0.017
0.017
0.018
0.018
0.019
0.018
0.019
0.018
0.018
0.017
0.017
0.019
0.019
0.019
0.018
0.018
0.018
0.019
0.019
0.018
0.019
0.017
0.017
0.017
0.017
0.019
0.019
0.019
0.017
0.017
0.017
0.017
0.018
0.018
0.018
0.017
0.017
0.017
0.017
0.018
0.017
0.018
0.017
0.017
0.017
0.017
0.018
0.018
0.019
0.018
0.018
0.019
0.018
0.019
0.020
0.020
0.019
