0.060
0.031
0.022
0.023
0.022
0.022
0.022
0.024
0.026
0.021
0.021
0.021
0.024
0.023
0.022
0.023
0.023
0.022
0.023
0.023
0.023
0.022
0.024
0.023
0.033
0.022
0.021
0.021
0.022
0.022
0.021
0.022
0.022
0.022
0.022
0.022
0.022
0.022
0.022
0.022
0.022
0.022
0.022
0.024
0.022
0.022
0.021
0.021
0.024
0.022
0.022
0.032
0.023
0.026
0.023
0.023
0.023
0.022
0.023
0.021
0.021
0.021
0.021
0.021
0.027
0.022
0.022
0.022
0.022
0.022
0.023
0.022
0.022
0.022
0.021
0.021
0.021
0.030
0.026
0.022
0.022
0.021
0.021
0.021
0.021
0.022
0.023
0.023
0.024
0.024
0.022
0.024
0.021
0.021
0.021
0.021
0.021
0.023
0.024
0.024
0.022
0.022
0.021
0.021
0.029
0.022
0.023
0.021
0.021
0.021
0.022
0.021
0.021
0.024
0.023
0.022
0.023
0.022
0.021
0.021
0.021
0.021
0.021
0.021
0.021
0.023
0.022
0.022
0.022
0.021
0.022
0.029
0.025
0.021
0.021
0.021
0.021
0.021
0.021
0.023
0.022
0.022
0.021
0.021
0.021
0.026
0.023
0.022
0.023
0.023
0.023
0.022
0.021
0.022
0.023
0.021
0.021
0.022
0.033
0.022
0.022
0.021
0.021
0.024
0.022
0.023
0.021
0.023
0.021
0.022
0.022
0.021
0.021
0.021
0.022
0.023
0.023
0.023
0.021
0.023
0.023
0.021
0.021
0.021
0.023
0.034
0.021
0.021
0.021
0.024
0.024
0.025
0.023
0.022
0.024
0.022
0.022
0.022
0.021
0.021
0.021
0.021
0.021
0.021
0.021
0.022
0.022
0.022
0.022
0.021
0.022
0.022
0.031
0.023
0.022
0.021
0.022
0.022
0.021
0.021
0.021
0.021
0.022
0.021
0.021
0.022
0.021
0.022
0.022
0.021
0.022
0.023
0.022
0.021
0.021
0.022
0.021
0.023
0.024
0.030
0.022
0.024
0.023
0.022
0.023
0.022
0.022
0.022
0.022
0.023
0.021
0.022
0.023
0.022
0.023
0.022
0.022
0.021
0.021
0.021
0.021
0.021
0.023
0.021
0.021
0.021
0.030
0.022
0.024
0.021
0.022
0.021
0.024
0.023
0.024
0.022
0.023
0.023
0.022
0.023
0.024
0.024
0.024
0.024
0.022
0.023
0.022
0.021
0.023
0.022
0.021
0.022
0.033
0.022
0.022
0.023
0.022
0.022
0.021
0.021
0.022
0.029
0.022
0.021
0.021
0.022
0.021
0.021
0.022
0.022
0.021
0.021
0.021
0.021
0.023
0.024
0.021
0.021
0.021
0.030
0.022
0.021
0.021
0.021
0.022
0.021
0.022
0.022
0.024
0.024
0.022
0.022
0.023
0.023
0.023
0.021
0.021
0.021
0.022
0.021
0.024
0.022
0.021
0.022
0.021
0.024
0.034
0.023
0.021
0.021
0.021
0.021
0.021
0.021
0.023
0.022
0.021
0.022
0.023
0.023
0.021
0.021
0.023
0.023
0.022
0.021
0.021
0.021
0.021
0.023
0.023
0.023
0.028
0.027
0.026
0.022
0.022
0.022
0.021
0.021
0.022
0.024
0.022
0.022
0.022
0.022
0.025
0.022
0.023
0.022
0.022
0.022
0.022
0.024
0.023
0.022
0.022
0.024
0.023
0.031
