0.059
0.019
0.017
0.018
0.021
0.020
0.018
0.019
0.018
0.028
0.017
0.019
0.018
0.019
0.017
0.018
0.017
0.018
0.018
0.018
0.018
0.018
0.017
0.017
0.018
0.019
0.017
0.018
0.018
0.036
0.033
0.035
0.036
0.038
0.038
0.036
0.030
0.033
0.032
0.042
0.030
0.034
0.034
0.032
0.038
0.037
0.029
0.031
0.038
0.035
0.034
0.036
0.030
0.036
0.030
0.038
0.033
0.036
0.032
0.038
0.034
0.035
0.037
0.038
0.039
0.038
0.032
0.043
0.032
0.035
0.035
0.037
0.033
0.038
0.031
0.039
0.038
0.038
0.035
0.028
0.037
0.030
0.038
0.046
0.035
0.029
0.036
0.040
0.041
0.035
0.032
0.038
0.038
0.035
0.030
0.035
0.032
0.033
0.036
0.030
0.037
0.030
0.032
0.034
0.034
0.035
0.033
0.038
0.038
0.034
0.035
0.037
0.040
0.032
0.034
0.033
0.031
0.035
0.036
0.032
0.032
0.033
0.034
0.035
0.032
0.038
0.034
0.029
0.030
0.034
0.034
0.038
0.035
0.035
0.034
0.030
0.031
0.032
0.033
0.032
0.037
0.038
0.033
0.034
0.038
0.034
0.035
0.033
0.037
0.030
0.031
0.037
0.030
0.035
0.037
0.030
0.034
0.031
0.035
0.036
0.038
0.038
0.033
0.035
0.039
0.032
0.035
0.035
0.030
0.030
0.035
0.030
0.034
0.021
0.018
0.017
0.016
0.018
0.017
0.018
0.018
0.017
0.018
0.018
0.019
0.018
0.018
0.016
0.018
0.017
0.016
0.019
0.018
0.017
0.016
0.019
0.019
0.018
0.019
0.018
0.018
0.020
0.019
0.018
0.018
0.019
0.018
0.018
0.017
0.017
0.016
0.017
0.019
0.017
0.017
0.017
0.018
0.017
0.017
0.019
0.018
0.017
0.025
0.020
0.017
0.016
0.019
0.017
0.017
0.017
0.017
0.017
0.018
0.019
0.017
0.017
0.017
0.017
0.018
0.018
0.019
0.019
0.018
0.019
0.017
0.017
0.016
0.017
0.018
0.017
0.017
0.017
0.018
0.017
0.017
0.017
0.019
0.019
0.017
0.017
0.016
0.018
0.019
0.019
0.018
0.018
0.017
0.018
0.019
0.018
0.017
0.017
0.019
0.019
0.018
0.018
0.017
0.018
0.019
0.018
0.017
0.017
0.020
0.017
0.017
0.018
0.018
0.019
0.017
0.018
0.017
0.017
0.017
0.018
0.016
0.017
0.018
0.018
0.018
0.017
0.017
0.016
0.015
0.017
0.016
0.016
0.017
0.019
0.016
0.016
0.017
0.017
0.017
0.019
0.018
0.017
0.015
0.018
0.016
0.016
0.017
0.019
0.018
0.016
0.017
0.016
0.017
0.018
0.019
0.018
0.019
0.019
0.019
0.018
0.018
0.019
0.018
0.017
0.017
0.016
0.016
0.018
0.016
0.016
0.016
0.017
0.019
0.019
0.017
0.017
0.018
0.017
0.018
0.017
0.017
0.017
0.017
0.016
0.018
0.019
0.019
0.019
0.018
0.019
0.018
0.017
0.018
0.018
0.016
0.017
0.023
0.020
0.018
0.019
0.017
0.016
0.018
0.018
0.017
0.016
0.017
0.017
0.018
0.019
0.017
0.018
0.016
0.017
0.016
0.016
0.017
0.017
0.018
0.018
0.017
0.018
0.017
0.017
0.017
0.018
