0.127
0.031
0.033
0.031
0.030
0.024
0.026
0.024
0.036
0.026
0.025
0.024
0.024
0.025
0.027
0.024
0.024
0.024
0.026
0.025
0.023
0.024
0.026
0.024
0.026
0.025
0.027
0.025
0.024
0.025
0.025
0.031
0.026
0.024
0.024
0.024
0.023
0.026
0.027
0.027
0.026
0.026
0.024
0.026
0.026
0.024
0.024
0.025
0.025
0.025
0.025
0.026
0.026
0.024
0.025
0.024
0.024
0.024
0.025
0.026
0.025
0.026
0.024
0.024
0.025
0.024
0.024
0.026
0.024
0.024
0.024
0.024
0.023
0.026
0.026
0.025
0.025
0.025
0.025
0.028
0.031
0.026
0.026
0.024
0.023
0.024
0.024
0.025
0.025
0.024
0.022
0.023
0.024
0.023
0.026
0.025
0.026
0.025
0.025
0.033
0.032
0.025
0.026
0.025
0.024
0.024
0.025
0.024
0.023
0.024
0.023
0.025
0.025
0.024
0.023
0.025
0.023
0.024
0.024
0.024
0.026
0.026
0.024
0.024
0.025
0.026
0.025
0.024
0.024
0.024
0.024
0.023
0.023
0.024
0.026
0.027
0.028
0.024
0.024
0.024
0.024
0.025
0.024
0.024
0.025
0.025
0.024
0.024
0.025
0.025
0.023
0.025
0.024
0.025
0.024
0.025
0.024
0.025
0.024
0.024
0.025
0.024
0.026
0.026
0.025
0.028
0.024
0.024
0.023
0.025
0.024
0.024
0.025
0.025
0.025
0.026
0.024
0.024
0.024
0.024
0.023
0.025
0.024
0.025
0.027
0.027
0.024
0.025
0.025
0.026
0.024
0.024
0.024
0.024
0.023
0.024
0.024
0.025
0.024
0.025
0.024
0.024
0.026
0.026
0.026
0.025
0.024
0.024
0.024
0.024
0.024
0.026
0.024
0.024
0.025
0.027
0.026
0.025
0.025
0.026
0.025
0.026
0.025
0.024
0.023
0.025
0.023
0.024
0.024
0.024
0.025
0.024
0.023
0.026
0.024
0.024
0.024
0.026
0.024
0.025
0.024
0.024
0.023
0.024
0.024
0.026
0.027
0.026
0.025
0.024
0.023
0.026
0.024
0.024
0.023
0.024
0.025
0.026
0.023
0.025
0.026
0.024
0.024
0.025
0.025
0.024
0.024
0.024
0.024
0.027
0.024
0.025
0.024
0.026
0.026
0.027
0.025
0.025
0.024
0.025
0.023
0.025
0.025
0.025
0.025
0.025
0.025
0.046
0.037
0.045
0.036
0.038
0.045
0.038
0.029
0.023
0.025
0.024
0.023
0.026
0.025
0.024
0.025
0.025
0.024
0.024
0.024
0.024
0.023
0.024
0.023
0.023
0.023
0.024
0.023
0.024
0.024
0.025
0.023
0.024
0.023
0.024
0.023
0.024
0.023
0.027
0.025
0.026
0.025
0.024
0.023
0.024
0.023
0.024
0.023
0.025
0.024
0.024
0.023
0.026
0.023
0.024
0.024
0.026
0.024
0.024
0.025
0.026
0.025
0.025
0.025
0.025
0.025
0.025
0.024
0.025
0.025
0.024
0.023
0.024
0.023
0.023
0.025
0.026
0.024
0.025
0.025
0.026
0.026
0.025
0.025
0.024
0.023
0.023
0.025
0.026
0.025
0.024
0.025
0.025
0.024
0.026
0.025
0.025
0.023
0.023
0.024
0.024
0.025
0.025
0.024
0.024
0.025
0.025
0.023
0.023
0.023
0.023
0.023
0.024
