0.121
0.025
0.027
0.025
0.024
0.018
0.019
0.019
0.030
0.019
0.019
0.018
0.018
0.019
0.020
0.018
0.018
0.018
0.020
0.018
0.017
0.018
0.020
0.018
0.020
0.018
0.020
0.019
0.018
0.019
0.018
0.024
0.019
0.018
0.018
0.018
0.017
0.019
0.020
0.021
0.019
0.019
0.018
0.019
0.020
0.018
0.018
0.019
0.019
0.019
0.019
0.020
0.019
0.018
0.019
0.018
0.018
0.018
0.019
0.020
0.018
0.020
0.018
0.018
0.019
0.018
0.018
0.019
0.018
0.018
0.018
0.018
0.017
0.020
0.020
0.019
0.019
0.019
0.019
0.021
0.025
0.019
0.019
0.018
0.017
0.018
0.018
0.019
0.019
0.018
0.017
0.018
0.019
0.017
0.020
0.018
0.020
0.019
0.019
0.026
0.024
0.019
0.019
0.019
0.018
0.018
0.018
0.019
0.017
0.018
0.017
0.019
0.019
0.018
0.018
0.019
0.017
0.018
0.018
0.018
0.019
0.019
0.017
0.018
0.018
0.020
0.018
0.018
0.018
0.018
0.018
0.018
0.017
0.018
0.020
0.019
0.018
0.018
0.018
0.018
0.018
0.019
0.018
0.018
0.018
0.018
0.018
0.018
0.019
0.019
0.017
0.019
0.018
0.018
0.018
0.019
0.018
0.018
0.018
0.018
0.018
0.018
0.020
0.020
0.019
0.022
0.018
0.018
0.017
0.019
0.018
0.018
0.019
0.019
0.019
0.019
0.017
0.018
0.018
0.018
0.017
0.019
0.018
0.018
0.021
0.019
0.018
0.018
0.019
0.020
0.018
0.018
0.018
0.018
0.018
0.018
0.019
0.018
0.018
0.019
0.018
0.018
0.019
0.020
0.019
0.018
0.017
0.018
0.018
0.018
0.018
0.019
0.017
0.018
0.019
0.021
0.019
0.019
0.019
0.019
0.019
0.019
0.018
0.018
0.017
0.018
0.017
0.018
0.018
0.018
0.018
0.018
0.017
0.020
0.017
0.018
0.018
0.020
0.018
0.019
0.018
0.018
0.017
0.018
0.018
0.020
0.020
0.019
0.018
0.018
0.018
0.019
0.018
0.018
0.017
0.018
0.019
0.019
0.017
0.019
0.019
0.018
0.017
0.018
0.018
0.018
0.017
0.018
0.018
0.020
0.018
0.018
0.018
0.020
0.019
0.020
0.019
0.018
0.018
0.019
0.017
0.019
0.019
0.019
0.019
0.019
0.018
0.039
0.026
0.032
0.030
0.031
0.036
0.030
0.019
0.017
0.019
0.018
0.017
0.020
0.019
0.018
0.018
0.019
0.018
0.018
0.018
0.018
0.017
0.018
0.017
0.017
0.017
0.018
0.017
0.018
0.018
0.019
0.017
0.018
0.017
0.018
0.017
0.018
0.017
0.021
0.019
0.020
0.018
0.018
0.017
0.018
0.017
0.018
0.017
0.019
0.018
0.017
0.017
0.020
0.017
0.018
0.018
0.020
0.018
0.018
0.019
0.019
0.019
0.019
0.018
0.019
0.018
0.019
0.018
0.019
0.018
0.018
0.017
0.018
0.017
0.017
0.019
0.020
0.018
0.019
0.018
0.020
0.019
0.019
0.019
0.018
0.017
0.017
0.019
0.020
0.018
0.018
0.019
0.019
0.018
0.020
0.019
0.019
0.017
0.017
0.018
0.018
0.019
0.019
0.017
0.018
0.019
0.018
0.017
0.017
0.017
0.017
0.017
0.018
