0.052
0.025
0.023
0.023
0.021
0.022
0.021
0.022
0.022
0.030
0.022
0.022
0.022
0.022
0.020
0.021
0.020
0.022
0.021
0.023
0.023
0.024
0.022
0.021
0.020
0.021
0.023
0.022
0.022
0.023
0.021
0.020
0.021
0.021
0.023
0.022
0.020
0.030
0.021
0.023
0.023
0.021
0.022
0.022
0.020
0.020
0.021
0.022
0.021
0.021
0.021
0.020
0.020
0.020
0.020
0.021
0.022
0.022
0.021
0.020
0.020
0.021
0.022
0.020
0.021
0.031
0.021
0.021
0.022
0.021
0.022
0.022
0.022
0.021
0.022
0.021
0.020
0.021
0.021
0.021
0.020
0.022
0.022
0.020
0.020
0.020
0.020
0.020
0.023
0.023
0.021
0.020
0.023
0.032
0.023
0.022
0.021
0.020
0.023
0.022
0.021
0.021
0.020
0.020
0.020
0.021
0.020
0.022
0.021
0.021
0.020
0.021
0.020
0.023
0.023
0.022
0.022
0.022
0.022
0.022
0.021
0.030
0.021
0.021
0.021
0.021
0.023
0.022
0.021
0.022
0.022
0.021
0.020
0.020
0.023
0.024
0.023
0.022
0.020
0.020
0.020
0.020
0.021
0.022
0.022
0.020
0.021
0.020
0.023
0.025
0.022
0.021
0.022
0.023
0.021
0.020
0.020
0.022
0.021
0.020
0.021
0.024
0.021
0.022
0.021
0.022
0.021
0.021
0.020
0.021
0.023
0.022
0.022
0.021
0.020
0.023
0.032
0.024
0.022
0.022
0.021
0.020
0.028
0.023
0.022
0.026
0.021
0.021
0.021
0.021
0.021
0.022
0.022
0.021
0.023
0.022
0.022
0.021
0.021
0.022
0.022
0.021
0.023
0.031
0.022
0.021
0.021
0.021
0.020
0.020
0.023
0.021
0.022
0.021
0.021
0.021
0.021
0.021
0.022
0.021
0.021
0.021
0.021
0.021
0.022
0.023
0.022
0.022
0.021
0.024
0.033
0.022
0.023
0.022
0.021
0.022
0.022
0.022
0.021
0.021
0.022
0.022
0.021
0.021
0.021
0.022
0.022
0.022
0.022
0.023
0.022
0.020
0.021
0.021
0.020
0.021
0.021
0.026
0.026
0.023
0.021
0.021
0.021
0.023
0.022
0.023
0.022
0.022
0.022
0.021
0.022
0.021
0.021
0.023
0.022
0.024
0.024
0.022
0.021
0.022
0.023
0.022
0.021
0.021
0.027
0.026
0.022
0.021
0.021
0.021
0.022
0.022
0.022
0.021
0.021
0.024
0.023
0.022
0.021
0.021
0.023
0.023
0.022
0.023
0.021
0.022
0.021
0.021
0.022
0.022
0.023
0.031
0.022
0.021
0.022
0.021
0.022
0.021
0.021
0.021
0.022
0.025
0.023
0.022
0.022
0.023
0.023
0.022
0.023
0.029
0.037
0.035
0.043
0.035
0.042
0.044
0.035
0.023
0.021
0.022
0.022
0.021
0.021
0.021
0.022
0.021
0.022
0.021
0.022
0.023
0.022
0.023
0.021
0.022
0.023
0.022
0.022
0.022
0.021
0.021
0.030
0.022
0.024
0.023
0.022
0.023
0.022
0.031
0.022
0.023
0.032
0.027
0.029
0.023
0.022
0.021
0.021
0.022
0.021
0.022
0.021
0.021
0.022
0.022
0.022
0.031
0.023
0.022
0.021
0.022
0.021
0.022
0.021
0.021
0.021
0.021
0.021
0.022
0.023
0.021
