0.06840705871582
0.022817134857178
0.022480964660645
0.022281169891357
0.022367000579834
0.016479969024658
0.018586874008179
0.022018909454346
0.018551826477051
0.017575025558472
0.016710042953491
0.026849031448364
0.024002075195312
0.020957946777344
0.018712043762207
0.019123077392578
0.018203973770142
0.020050048828125
0.019850969314575
0.017905235290527
0.017239093780518
0.01728892326355
0.016647100448608
0.018770933151245
0.018688917160034
0.017163991928101
0.016969919204712
0.018344879150391
0.017473220825195
0.019132137298584
0.01708197593689
0.018171072006226
0.019098997116089
0.019061088562012
0.017942190170288
0.018966197967529
0.017634153366089
0.017812013626099
0.016998052597046
0.017132997512817
0.01628303527832
0.017273187637329
0.017230987548828
0.026381969451904
0.018100023269653
0.017296075820923
0.016609907150269
0.017890930175781
0.017144918441772
0.017161846160889
0.017290115356445
0.017798900604248
0.016304969787598
0.018844127655029
0.018394947052002
0.017590045928955
0.017128944396973
0.017231941223145
0.01623797416687
0.01801586151123
0.017541170120239
0.01720404624939
0.021580934524536
0.019660949707031
0.016906976699829
0.018611907958984
0.017248868942261
0.017092943191528
0.022036075592041
0.022862911224365
0.017148017883301
0.017077922821045
0.020343065261841
0.017523050308228
0.017660856246948
0.017213821411133
0.030093908309937
0.018229007720947
0.019511938095093
0.018965005874634
0.017988920211792
0.017596960067749
0.017578125
0.017379999160767
0.017562866210938
0.017455101013184
0.017306089401245
0.019150972366333
0.017071962356567
0.017625093460083
0.017497062683105
0.017566919326782
0.017325162887573
0.017774820327759
0.018675088882446
0.018169164657593
0.016762971878052
0.017524003982544
0.017802000045776
0.018383026123047
0.017349004745483
0.017853975296021
0.018002033233643
0.017596960067749
0.017547845840454
0.017691135406494
0.01769495010376
0.018001794815063
0.024064064025879
0.023091077804565
0.017819166183472
0.017449855804443
0.018349885940552
0.018151998519897
0.018220186233521
0.017624139785767
0.01723313331604
0.018949031829834
0.020895004272461
0.018426895141602
0.016127109527588
0.017116785049438
0.017489194869995
0.017465114593506
0.018779039382935
0.017827033996582
0.021315813064575
0.017783164978027
0.017300128936768
0.017828941345215
0.018834829330444
0.01959490776062
0.017449140548706
0.017294883728027
0.017689943313599
0.017323017120361
0.016754150390625
0.017802953720093
0.01847505569458
0.017395973205566
0.0178542137146
0.028154850006104
0.018177032470703
0.017616987228394
0.01675009727478
0.017735004425049
0.017496109008789
0.018508195877075
0.017294883728027
0.017465114593506
0.017483949661255
0.01802396774292
0.016746044158936
0.017557859420776
0.018708944320679
0.01766300201416
0.01806902885437
0.017508983612061
0.017487049102783
0.018935918807983
0.017672061920166
0.017638921737671
0.017096996307373
0.019333839416504
0.017421960830688
0.018165111541748
0.019158124923706
0.0174720287323
0.017165899276733
0.017539024353027
0.01697301864624
0.0175621509552
0.018833875656128
0.017995119094849
0.034381866455078
0.019983053207397
0.018313884735107
0.019212961196899
0.0328688621521
0.02311110496521
0.01823902130127
0.018254995346069
0.01965594291687
0.017935991287231
0.017510175704956
0.017966032028198
0.017014026641846
0.017879962921143
0.018399953842163
0.018661022186279
0.018579006195068
0.018028020858765
0.017934799194336
0.018777132034302
0.01771092414856
0.01800799369812
0.017600059509277
0.017467021942139
0.017961025238037
0.017927169799805
0.016602993011475
0.017474889755249
0.017045021057129
0.019055843353271
0.019261121749878
0.030317068099976
0.018844842910767
0.017651081085205
0.017439126968384
0.017628908157349
0.017513990402222
0.018483877182007
0.019804000854492
0.017550945281982
0.017496824264526
0.017778158187866
0.017419099807739
0.018290042877197
0.017849922180176
0.017482995986938
0.017276048660278
0.020132064819336
0.017115831375122
0.018054962158203
0.016371011734009
0.017429828643799
0.01789402961731
0.01970100402832
0.019453048706055
0.020466089248657
0.018755912780762
0.019213914871216
0.017462968826294
0.020704030990601
0.018119096755981
0.018994092941284
0.017665863037109
0.028904914855957
0.019653081893921
0.018311023712158
0.017552137374878
0.019129991531372
0.019080877304077
0.018724918365479
0.018932104110718
0.017738103866577
0.017609119415283
0.017417907714844
0.016715049743652
0.017549991607666
0.017084121704102
0.017409086227417
0.018249988555908
0.017271041870117
0.017796039581299
0.0174720287323
0.016719102859497
0.017591953277588
0.017328023910522
0.017616033554077
0.017717123031616
0.017451047897339
0.01891303062439
0.017925977706909
0.017552852630615
0.01968789100647
0.01745080947876
0.017830848693848
0.017673015594482
0.017913103103638
0.029776096343994
0.018188953399658
0.017176866531372
0.017876148223877
0.017244100570679
0.018600940704346
0.019359111785889
0.017958164215088
0.017867088317871
0.018356084823608
0.016814231872559
0.01804518699646
0.017316102981567
0.019325971603394
0.020954847335815
0.019505023956299
0.019629001617432
0.021252870559692
0.017489910125732
0.017853021621704
0.017300128936768
0.018548011779785
0.019520998001099
0.019157886505127
0.018259048461914
0.018028974533081
0.019397974014282
0.01972508430481
0.018853902816772
0.017224788665771
0.017405986785889
0.0291907787323
0.019985198974609
0.018298149108887
0.018058061599731
0.018239974975586
0.017414808273315
0.017670154571533
0.017431974411011
0.017706871032715
0.017910003662109
0.017794847488403
0.016983985900879
0.017776966094971
0.017532825469971
0.017853021621704
0.017544031143188
0.017849922180176
0.018189907073975
0.018241167068481
0.017920017242432
0.017945051193237
0.018141031265259
0.018049955368042
0.017489910125732
0.017534971237183
0.017858982086182
0.017731904983521
0.017142057418823
0.019335031509399
0.017427921295166
0.017359972000122
0.017564058303833
0.017829179763794
0.029428958892822
0.018778085708618
0.018131971359253
0.018079996109009
0.020263910293579
0.020018815994263
0.022012948989868
0.019503116607666
0.019253015518188
0.018131971359253
0.019150018692017
0.018932104110718
0.018592119216919
0.017274141311646
0.017523050308228
0.018250942230225
0.019317150115967
0.018079996109009
0.01652193069458
0.018109083175659
0.017300844192505
0.017591953277588
0.019150972366333
0.019133806228638
0.019405841827393
0.019167184829712
0.018430948257446
0.017946004867554
0.017280101776123
0.018455982208252
0.018711090087891
0.017629146575928
0.029633045196533
0.019752025604248
0.018946170806885
0.019572019577026
0.018854141235352
0.019103050231934
0.019115924835205
0.019542932510376
0.018589973449707
0.018075942993164
0.018754005432129
0.01787805557251
0.01726508140564
0.018084049224854
0.019159078598022
0.017879962921143
0.017848014831543
0.017805099487305
0.016940832138062
0.018383979797363
0.017861843109131
0.017246961593628
0.017701864242554
0.017879962921143
0.01797890663147
0.017997980117798
0.018845081329346
0.025956153869629
0.02002477645874
0.019106864929199
0.018687963485718
0.031110048294067
0.019475936889648
0.018611907958984
