0.091371774673462
0.023621082305908
0.023334980010986
0.023514986038208
0.029767990112305
0.022685050964355
0.018764972686768
0.0225989818573
0.01826000213623
0.023748159408569
0.019884824752808
0.019368886947632
0.02910304069519
0.018835067749023
0.018091917037964
0.017467975616455
0.018602848052979
0.018269062042236
0.024768114089966
0.02278995513916
0.017203092575073
0.01877498626709
0.019779205322266
0.024670124053955
0.028401136398315
0.018423795700073
0.021853923797607
0.031376123428345
0.027467966079712
0.019742965698242
0.020575046539307
0.017421007156372
0.018334865570068
0.018258094787598
0.018851041793823
0.018323183059692
0.018405199050903
0.017307996749878
0.018375158309937
0.018258094787598
0.018195152282715
0.019598007202148
0.01834511756897
0.021278142929077
0.020748138427734
0.022733211517334
0.018586158752441
0.022604942321777
0.018670082092285
0.017146110534668
0.018539905548096
0.026530981063843
0.01987099647522
0.019868850708008
0.021607875823975
0.017356872558594
0.027077913284302
0.029169082641602
0.021890163421631
0.027439832687378
0.01802921295166
0.017282962799072
0.025829076766968
0.02285099029541
0.02011513710022
0.018515110015869
0.018282890319824
0.017209053039551
0.018670082092285
0.022635936737061
0.018071889877319
0.018199920654297
0.022571086883545
0.017158031463623
0.02390193939209
0.026283979415894
0.026671886444092
0.018340826034546
0.018321990966797
0.017135858535767
0.024052858352661
0.020457983016968
0.019236087799072
0.022371053695679
0.022122859954834
0.025469064712524
0.018401861190796
0.022472858428955
0.020624876022339
0.022355079650879
0.022516012191772
0.017238140106201
0.022281169891357
0.018251895904541
0.021669149398804
0.018043994903564
0.022187948226929
0.023716926574707
0.019922018051147
0.022294998168945
0.026354074478149
0.018436908721924
0.022415161132812
0.017344951629639
0.018349885940552
0.022523164749146
0.018253087997437
0.018326997756958
0.01808500289917
0.01748514175415
0.022311925888062
0.018349170684814
0.018366098403931
0.02188515663147
0.018394947052002
0.017321109771729
0.018708229064941
0.025570869445801
0.018273830413818
0.026634931564331
0.020300149917603
0.019201993942261
0.018423080444336
0.019021987915039
0.030335187911987
0.024776935577393
0.029296159744263
0.019103050231934
0.017269134521484
0.0226891040802
0.018217086791992
0.022164106369019
0.022922039031982
0.022716045379639
0.020474910736084
0.017489910125732
0.022042036056519
0.024173974990845
0.01866888999939
0.018486976623535
0.026142120361328
0.018310070037842
0.023007869720459
0.02514910697937
0.021656036376953
0.018203973770142
0.02485990524292
0.028287172317505
0.019598960876465
0.017532110214233
0.018165111541748
0.018286943435669
0.022268056869507
0.018157005310059
0.023009061813354
0.023484945297241
0.019299983978271
0.018399000167847
0.018271923065186
0.018449068069458
0.018198013305664
0.018347978591919
0.018584012985229
0.019874811172485
0.030509948730469
0.027107000350952
0.018290042877197
0.022597074508667
0.018573999404907
0.022847890853882
0.026955127716064
0.024173021316528
0.031029939651489
0.02678394317627
0.020880937576294
0.023955821990967
0.024849891662598
0.018653869628906
0.018841028213501
0.019651889801025
0.020640134811401
0.018511056900024
0.023811101913452
0.01894998550415
0.017397165298462
0.018473148345947
0.017882108688354
0.018392086029053
0.023096084594727
0.018566131591797
0.018795967102051
0.017446041107178
0.018945932388306
0.021065950393677
0.026803970336914
0.027745008468628
0.029617786407471
0.020967960357666
0.017672061920166
0.019394874572754
0.018149852752686
0.022252082824707
0.019208908081055
0.021492958068848
0.018812894821167
0.017719030380249
0.024909019470215
0.023022890090942
0.023334980010986
0.022087097167969
0.024551868438721
0.018939971923828
0.017706871032715
0.022777080535889
0.022207021713257
0.019620180130005
0.018695831298828
0.018854141235352
0.018604040145874
0.022203922271729
0.021438837051392
0.02842116355896
0.022037982940674
0.030586957931519
0.029545068740845
0.019098997116089
0.025392055511475
0.018839836120605
0.018471002578735
0.020408868789673
0.018580913543701
0.026258945465088
0.018270015716553
0.019007205963135
0.028861999511719
0.018117904663086
0.025192975997925
0.019545078277588
0.022257804870605
0.022119998931885
0.01749587059021
0.018872976303101
0.017951011657715
0.021286010742188
0.023403167724609
0.018272876739502
0.018457889556885
0.021297931671143
0.018229961395264
0.027575016021729
0.019657850265503
0.018457889556885
0.018273830413818
0.018316984176636
0.017553806304932
0.018711090087891
0.018303155899048
0.021050930023193
0.023192882537842
0.018093824386597
0.028903961181641
0.018221139907837
0.018929958343506
0.018176078796387
0.018110990524292
0.022669076919556
0.020688056945801
0.024044990539551
0.028153896331787
0.024187088012695
0.020081043243408
0.019783973693848
0.025182008743286
0.019297122955322
0.023183107376099
0.017500162124634
0.019666910171509
0.018163919448853
0.023675918579102
0.024766206741333
0.018860816955566
0.018415927886963
0.021030187606812
0.022107124328613
0.021910190582275
0.022716999053955
0.021500110626221
0.018210887908936
0.018180847167969
0.017425060272217
0.021379947662354
0.028383016586304
0.027106046676636
0.020035982131958
0.019844055175781
0.027355909347534
0.017329931259155
0.022603988647461
0.021281957626343
0.018889904022217
0.027907848358154
0.018038988113403
0.018535137176514
0.017316102981567
0.018583059310913
0.021346092224121
0.017910957336426
0.019864082336426
0.023520946502686
0.018928050994873
0.025688886642456
0.019016027450562
0.025804042816162
0.017729043960571
0.021573066711426
0.022801876068115
0.018078088760376
0.021903991699219
0.026770830154419
0.023730039596558
0.021145105361938
0.018319129943848
0.018404006958008
0.020752906799316
0.017085075378418
0.023388147354126
0.024678945541382
0.017738819122314
0.026437997817993
0.018064975738525
0.026334047317505
0.017313003540039
0.018580913543701
0.017511129379272
0.029123067855835
0.027327060699463
0.021561861038208
0.02301287651062
0.017027139663696
0.01847505569458
0.017739057540894
0.019524097442627
0.023858070373535
0.022633075714111
0.022520065307617
0.017532110214233
0.018368005752563
0.022114992141724
0.021577119827271
0.020024061203003
0.021929979324341
0.018251180648804
0.018923044204712
0.024291038513184
0.017800092697144
0.018078088760376
0.018274784088135
0.019082069396973
0.020995140075684
0.018386840820312
0.018622875213623
0.020616054534912
0.018504858016968
0.01808500289917
0.019309997558594
0.018563985824585
0.018217086791992
0.018556833267212
0.025696992874146
0.023167848587036
0.025186061859131
0.023206233978271
0.018229961395264
0.017341136932373
0.018585205078125
0.021167993545532
0.026068925857544
0.024199962615967
0.025275945663452
0.019431114196777
0.019349098205566
0.018496036529541
0.021897077560425
0.017815113067627
0.018587827682495
0.024690866470337
0.020488977432251
0.021928071975708
0.022686004638672
0.02142596244812
0.017787933349609
0.022118806838989
0.01910400390625
0.023124933242798
0.018987894058228
0.018363952636719
0.018219947814941
0.024926900863647
0.0225830078125
0.018345832824707
