0.0027740001678467
0.00098109245300293
0.0010910034179688
0.0010771751403809
0.00043606758117676
0.00042605400085449
0.00041604042053223
0.00041699409484863
0.00044608116149902
0.00040602684020996
0.00040102005004883
0.00040912628173828
0.00044107437133789
0.00039887428283691
0.0003969669342041
0.00040102005004883
0.00052595138549805
0.00040602684020996
0.00043106079101562
0.00040388107299805
0.00052285194396973
0.00040388107299805
0.00054597854614258
0.00040292739868164
0.0004429817199707
0.0003960132598877
0.00050497055053711
0.00040102005004883
0.00044608116149902
0.00041699409484863
0.00066494941711426
0.00041007995605469
0.00053095817565918
0.00040483474731445
0.0004420280456543
0.00039386749267578
0.00055289268493652
0.0004270076751709
0.00044107437133789
0.00040888786315918
0.00041007995605469
0.00039815902709961
0.00049495697021484
0.00044989585876465
0.00044894218444824
0.0004420280456543
0.0004889965057373
0.00054001808166504
0.00040888786315918
0.0004429817199707
0.00040102005004883
0.00049901008605957
0.0004119873046875
0.00056290626525879
0.00041007995605469
0.00045680999755859
0.00041413307189941
0.00052213668823242
0.00043106079101562
0.00044703483581543
0.00040292739868164
0.00055098533630371
0.00040793418884277
0.00055408477783203
0.00044989585876465
0.00040602684020996
0.00039911270141602
0.00040721893310547
0.00039911270141602
0.00049805641174316
0.00041103363037109
0.00040602684020996
0.00040102005004883
0.00041604042053223
0.00040102005004883
0.00040102005004883
0.00039887428283691
0.00040507316589355
0.00040102005004883
0.00040507316589355
0.00040197372436523
0.00040006637573242
0.00040006637573242
0.00041007995605469
0.00043892860412598
0.00041604042053223
0.00043606758117676
0.00039911270141602
0.00050497055053711
0.00041508674621582
0.0004420280456543
0.00040006637573242
0.0003960132598877
0.0004279613494873
0.00053906440734863
0.00041484832763672
0.0005791187286377
0.00061893463134766
0.00044012069702148
0.00054287910461426
0.00041103363037109
0.00044512748718262
0.00040316581726074
0.00052094459533691
0.00040793418884277
0.00044083595275879
0.00040006637573242
0.00053787231445312
0.00040507316589355
0.00061798095703125
0.00041413307189941
0.00043821334838867
0.00039982795715332
0.00054812431335449
0.0004119873046875
0.00055909156799316
0.00040793418884277
0.0004429817199707
0.00040102005004883
0.00043487548828125
0.00040197372436523
0.00044107437133789
0.00040888786315918
0.00049614906311035
0.00045394897460938
0.0004580020904541
0.00044608116149902
0.00044512748718262
0.00053906440734863
0.00044703483581543
0.00058388710021973
0.00044894218444824
0.00044703483581543
0.00040197372436523
0.00040793418884277
0.00040292739868164
0.00040388107299805
0.00040197372436523
0.00041007995605469
0.00039792060852051
0.00041508674621582
0.00039911270141602
0.00039982795715332
0.00039792060852051
0.00040984153747559
0.00040006637573242
0.00040388107299805
0.00040197372436523
0.00040793418884277
0.00039911270141602
0.00040888786315918
0.00039887428283691
0.00040102005004883
0.00041007995605469
0.00040602684020996
0.00039911270141602
0.00042986869812012
0.00040197372436523
0.0017809867858887
0.00053811073303223
0.00041508674621582
0.00040102005004883
0.00041580200195312
0.00040197372436523
0.00042104721069336
0.00040006637573242
0.00043988227844238
0.0004420280456543
0.00042200088500977
0.00040292739868164
0.00041294097900391
0.00044798851013184
0.00040388107299805
0.00051283836364746
0.00041103363037109
0.00043702125549316
0.00040507316589355
0.00052285194396973
0.0004119873046875
0.0005650520324707
0.00041508674621582
0.00044512748718262
0.00040292739868164
0.0005190372467041
0.00041484832763672
0.00053715705871582
0.00040888786315918
0.00044393539428711
0.00040006637573242
0.00053691864013672
0.00040817260742188
0.00045084953308105
0.0004570484161377
0.00057196617126465
0.00040888786315918
0.0005500316619873
0.00040793418884277
0.00044894218444824
0.00040197372436523
0.0005180835723877
0.00040698051452637
0.00052905082702637
0.00040507316589355
0.00048303604125977
0.00040817260742188
0.00088000297546387
0.00041794776916504
0.00040888786315918
0.00040221214294434
0.00041413307189941
0.00040197372436523
0.00050497055053711
0.0004730224609375
0.00044798851013184
0.0006098747253418
0.00041484832763672
0.00058698654174805
0.00040602684020996
0.00040888786315918
0.00040102005004883
0.00042295455932617
0.00040698051452637
0.00040292739868164
0.0003969669342041
0.00053811073303223
0.00040698051452637
0.00046920776367188
0.00040698051452637
0.00040698051452637
0.00040102005004883
0.00040888786315918
0.00040388107299805
0.00055217742919922
0.0004580020904541
0.00045180320739746
0.00056195259094238
0.00045204162597656
0.00044488906860352
0.00044488906860352
0.00045394897460938
0.00044608116149902
0.00045394897460938
0.0004429817199707
0.00044703483581543
0.00053501129150391
0.00045204162597656
0.00056982040405273
0.00045204162597656
0.00044488906860352
0.00044107437133789
0.00045895576477051
0.00040197372436523
0.00040221214294434
0.00040006637573242
0.00041103363037109
0.00040292739868164
0.00041294097900391
0.00040197372436523
0.00039982795715332
0.00039887428283691
0.00040698051452637
0.00039792060852051
0.00041294097900391
0.00040006637573242
0.00040292739868164
0.00039911270141602
0.00040793418884277
0.00039911270141602
0.00044393539428711
0.00040197372436523
0.00040888786315918
0.00039792060852051
0.00040888786315918
0.00039887428283691
0.00040102005004883
0.00039792060852051
0.00041007995605469
0.00040388107299805
0.0004119873046875
0.00039911270141602
0.00041699409484863
0.0004270076751709
0.00042390823364258
0.00045084953308105
0.00040507316589355
0.00057291984558105
0.00041413307189941
0.00054502487182617
0.00041484832763672
0.0004429817199707
0.00040006637573242
0.0005180835723877
0.00040698051452637
0.00064897537231445
0.00050711631774902
0.00045990943908691
0.00044798851013184
0.00045394897460938
0.00044989585876465
0.00046801567077637
0.0005340576171875
0.00040698051452637
0.00052094459533691
0.00040292739868164
0.00044393539428711
0.00040102005004883
0.00055313110351562
0.00041413307189941
0.00056600570678711
0.00040602684020996
0.00044393539428711
0.00039911270141602
0.00051498413085938
0.00040411949157715
0.00043916702270508
0.0003969669342041
0.00055217742919922
0.00040817260742188
0.00052690505981445
0.00040292739868164
0.00048685073852539
0.00040483474731445
0.0005791187286377
0.00040411949157715
0.00053620338439941
0.00040006637573242
0.00040197372436523
0.00039911270141602
0.00056910514831543
0.00040507316589355
0.00040006637573242
0.00040197372436523
0.00054502487182617
0.00040912628173828
0.00040793418884277
0.00040006637573242
0.00040221214294434
0.00040006637573242
0.0004119873046875
0.00039815902709961
0.00041007995605469
0.00040102005004883
0.00040602684020996
0.0003969669342041
0.00041294097900391
0.0003969669342041
0.0004420280456543
0.00040102005004883
0.00041103363037109
0.00040102005004883
0.00041484832763672
0.00040197372436523
0.00040793418884277
0.00039911270141602
0.00050592422485352
0.0004580020904541
0.00047588348388672
0.00040006637573242
0.00041604042053223
0.00052380561828613
0.00041294097900391
0.00050902366638184
0.00040793418884277
0.00054597854614258
0.00041699409484863
0.00056695938110352
0.00057506561279297
0.00049495697021484
0.00040388107299805
0.00041294097900391
0.00040316581726074
0.00052380561828613
0.00048089027404785
0.00045108795166016
0.00046014785766602
0.00044512748718262
0.00046110153198242
0.00044584274291992
0.0004570484161377
0.00053977966308594
0.00045180320739746
0.00046706199645996
0.00044584274291992
0.00046205520629883
0.00045204162597656
0.0004580020904541
0.00044512748718262
0.0004429817199707
0.00044417381286621
0.00045108795166016
0.00048089027404785
0.00046896934509277
0.00053310394287109
0.00040292739868164
0.00058507919311523
0.00044512748718262
0.0004119873046875
0.00040102005004883
0.00042009353637695
0.00040102005004883
