0.029459953308105
0.028233051300049
0.057594060897827
0.030147075653076
0.031765937805176
0.028913021087646
0.033658981323242
0.037340879440308
0.027870893478394
0.027642011642456
0.029603958129883
0.032963037490845
0.030658006668091
0.032835006713867
0.038350105285645
0.034552812576294
0.028470039367676
0.028568983078003
0.032428026199341
0.043553829193115
0.036521911621094
0.040553092956543
0.03646183013916
0.035585880279541
0.029016017913818
0.028662919998169
0.032812118530273
0.028873205184937
0.031770944595337
0.031018018722534
0.027497053146362
0.033199787139893
0.041404962539673
0.028572082519531
0.027697086334229
0.027671813964844
0.028641939163208
0.041483879089355
0.02885913848877
0.028694868087769
0.034128904342651
0.027647018432617
0.03393816947937
0.027679920196533
0.032042026519775
0.032080888748169
0.03657078742981
0.033638000488281
0.029870986938477
0.030351161956787
0.029927015304565
0.029788017272949
0.031445026397705
0.028602123260498
0.031538009643555
0.039076089859009
0.033715009689331
0.030675888061523
0.03412914276123
0.028413057327271
0.027727127075195
0.034753084182739
0.02764105796814
0.027853012084961
0.031816005706787
0.029528141021729
0.029397010803223
0.027635097503662
0.035093069076538
0.027793169021606
0.027867078781128
0.028697967529297
0.032916069030762
0.033005952835083
0.040844917297363
0.029558897018433
0.027812004089355
0.027565956115723
0.028755903244019
0.02927303314209
0.034044027328491
0.027856111526489
0.034130096435547
0.028790950775146
0.033982992172241
0.028846979141235
0.027552127838135
0.033265113830566
0.032911062240601
0.027978897094727
0.027740001678467
0.032263994216919
0.036900043487549
0.039676904678345
0.028571128845215
0.030433893203735
0.037454843521118
0.028393030166626
0.033470869064331
0.027746915817261
0.032540082931519
0.027579069137573
0.028962135314941
0.028374910354614
0.03122615814209
0.028345108032227
0.034996032714844
0.032114028930664
0.032183170318604
0.032711982727051
0.028928995132446
0.041553974151611
0.032315015792847
0.027721166610718
0.027842998504639
0.032773971557617
0.02779483795166
0.038503170013428
0.029610872268677
0.032766819000244
0.032287836074829
0.028975009918213
0.031270980834961
0.027827978134155
0.032841920852661
0.032241821289062
0.028451919555664
0.028609037399292
0.036103963851929
0.044279098510742
0.031607866287231
0.027621030807495
0.035062074661255
0.027662992477417
0.030195951461792
0.035557985305786
0.034304857254028
0.028588056564331
0.027899980545044
0.027951002120972
0.027673006057739
0.034222841262817
0.032409906387329
0.027812004089355
0.031554937362671
0.036415100097656
0.029145956039429
0.030174970626831
0.040249109268188
0.031012058258057
0.029287099838257
0.031800031661987
0.034703016281128
0.028584957122803
0.029014825820923
0.030817031860352
0.032698154449463
0.029536962509155
0.029437065124512
0.02886700630188
0.035143852233887
0.031261920928955
0.036211013793945
0.034636974334717
0.032749891281128
0.044925928115845
0.033392906188965
0.032227993011475
0.029213905334473
0.027819871902466
0.027722835540771
0.028491020202637
0.027611970901489
0.028401136398315
0.027754068374634
0.029827117919922
0.03435492515564
0.032099008560181
0.029590129852295
0.03034496307373
0.031607866287231
0.029139995574951
0.029992818832397
0.028416872024536
0.04538893699646
0.03046989440918
0.032736778259277
0.028146982192993
0.030194997787476
0.027967929840088
0.027647018432617
0.031953811645508
0.03583288192749
0.028785943984985
0.030212163925171
0.027920007705688
0.027657985687256
0.037870168685913
0.02995491027832
0.035832166671753
0.031215906143188
0.034229040145874
0.036035060882568
0.032396078109741
0.028133869171143
0.031923055648804
0.032171010971069
0.033850908279419
0.036997079849243
0.033407926559448
0.030034065246582
0.031892061233521
0.028249979019165
0.02773904800415
0.027688026428223
0.031558036804199
0.029761075973511
0.036356925964355
0.029501914978027
0.030964136123657
0.032332897186279
0.044099092483521
0.031615972518921
0.041414022445679
0.027781963348389
0.027631998062134
0.029971122741699
0.03242301940918
0.027904987335205
0.030435085296631
0.031856060028076
0.027988910675049
0.030382871627808
0.037395000457764
0.027978897094727
0.02763295173645
0.032615900039673
0.028659105300903
0.03050708770752
0.039169073104858
0.028534173965454
0.034019947052002
0.032019853591919
0.035685062408447
0.02944016456604
0.02778697013855
0.029371023178101
0.028539896011353
0.028905153274536
0.029990911483765
0.027661085128784
0.030020952224731
0.031649827957153
0.027422904968262
0.027808904647827
0.029078960418701
0.033099174499512
0.037231206893921
0.039842844009399
0.029375076293945
0.027791976928711
0.033665180206299
0.027601003646851
0.03156590461731
0.049488067626953
0.02714204788208
0.027066946029663
0.028355836868286
0.027350902557373
0.027436017990112
0.027209997177124
0.034348964691162
0.036208868026733
0.027224063873291
0.02865195274353
0.031158924102783
0.02779483795166
0.038556814193726
0.029790163040161
0.034945011138916
0.027334928512573
0.027830123901367
0.03996205329895
0.027309894561768
0.027159929275513
0.027070045471191
0.027454137802124
0.031157970428467
0.030083894729614
0.03570294380188
0.031137943267822
0.027253866195679
0.030281066894531
0.030032873153687
0.031263113021851
0.046749830245972
0.03824520111084
0.03315806388855
0.028017044067383
0.027257919311523
0.034534931182861
0.030658960342407
0.02726411819458
0.032633066177368
0.031199932098389
0.027721881866455
0.027354001998901
0.034105062484741
0.027160882949829
0.027869939804077
0.027576923370361
0.02732515335083
0.027732133865356
0.030510902404785
0.035392045974731
0.027244091033936
0.027464866638184
0.030319929122925
0.030879020690918
0.036385059356689
0.03245997428894
0.028552055358887
0.028043985366821
0.029531002044678
0.027759790420532
0.034178972244263
0.027533054351807
0.027415990829468
0.02825403213501
0.028776168823242
0.028737783432007
0.028203964233398
0.028991937637329
0.027577877044678
0.029035091400146
0.030079126358032
0.03291916847229
0.033699035644531
0.03010082244873
0.029934167861938
0.027189016342163
0.027647972106934
0.027276992797852
0.028584003448486
0.030831098556519
0.030473947525024
0.031058073043823
0.027317047119141
0.028239011764526
0.029630899429321
0.032932043075562
0.03077507019043
0.030488967895508
0.028802871704102
0.035513877868652
0.029402017593384
0.027489900588989
0.028997898101807
0.027273893356323
0.027438879013062
0.031229019165039
0.039208889007568
0.034942865371704
0.03549599647522
0.036648988723755
0.031325101852417
0.029590129852295
0.030654907226562
0.028213024139404
0.034665822982788
0.027223110198975
0.029696941375732
0.02752685546875
0.033979892730713
0.027584075927734
0.029425144195557
0.034466981887817
0.027147054672241
0.027414083480835
0.027307987213135
0.02727198600769
0.027193784713745
0.027286052703857
0.027507066726685
0.034878015518188
0.03397011756897
0.031301021575928
0.043530941009521
0.027976989746094
0.03102707862854
0.033578872680664
0.030298948287964
0.027415990829468
0.028956890106201
0.033540010452271
0.027179002761841
0.027825832366943
0.03045392036438
0.032593011856079
0.027113914489746
